##
# XY-Serializer Export Settings:
#   Comment Prefix:           #
#   Output meta data:         yes
#   Energy Axis:              Binding Energy
#   Count Rate:               Counts
#   Separate Scan Data:       no
#   Separate Channel Data:    no
#   External Channel Data:    yes
#   Transmission Function:    no
#   ErrorBar:                 no
#   Operation Results:        yes
#   Time Zone Format:         UTC
#
# Group:             DR4
#
# Region:            Spectrum
# Acquisition Date:  03/17/26 19:30:00 UTC
# Analysis Method:   XPS
# Analyzer:          Phoibos
# Analyzer Lens:     MediumArea:3.5kV
# Analyzer Slit:     4:7x20c\C:mesh
# Scan Mode:         FixedAnalyzerTransmission
# Curves/Scan:       1
# Values/Curve:      1351
# Dwell Time:        0.1
# Excitation Energy: 2984.3
# Binding Energy:    1350
# Pass Energy:       100
# Bias Voltage:      90
# Detector Voltage:  1580
# Eff. Workfunction: 4.58
# Source:            XR 50 M (UXC1000)
# Comment:           
#
# Cycle: 0
# Parameter: "Iteration" = 9
# Parameter: "y [mm]" = -0.59999999999999998
#
# Number of Scans: 1
#
# Cycle: 0, Curve: 0
# Acquisition Date: 03/17/26 19:30:00 UTC
#
# ColumnLabels: energy counts
#
1350  90.686451
1349  86.100938
1348  92.94553
1347  106.59479
1346  94.965916
1345  90.140288
1344  84.961718
1343  106.10127
1342  84.933258
1341  100.23502
1340  101.17064
1339  92.458783
1338  98.577027
1337  90.880189
1336  95.953925
1335  93.311194
1334  92.526692
1333  95.352478
1332  98.808747
1331  93.109048
1330  98.039305
1329  85.041515
1328  99.468386
1327  91.168042
1326  80.42071
1325  83.187332
1324  107.48891
1323  108.56358
1322  90.907319
1321  94.929993
1320  106.83877
1319  95.32581
1318  89.292417
1317  98.257828
1316  106.66212
1315  86.564935
1314  95.937907
1313  91.491284
1312  97.717131
1311  99.169783
1310  99.309626
1309  99.63899
1308  85.642396
1307  89.198636
1306  82.36958
1305  87.113881
1304  93.446161
1303  88.17832
1302  103.89976
1301  94.954387
1300  94.467743
1299  84.36249
1298  85.496162
1297  100.36589
1296  83.499527
1295  77.014907
1294  80.465979
1293  100.17178
1292  78.750105
1291  76.996716
1290  78.562934
1289  87.272743
1288  106.51278
1287  84.677017
1286  81.418674
1285  99.606946
1284  108.7042
1283  96.943868
1282  106.9285
1281  108.61334
1280  93.633621
1279  89.853905
1278  103.95106
1277  98.620636
1276  103.49432
1275  93.149419
1274  95.757584
1273  77.921976
1272  88.79024
1271  96.033143
1270  97.485156
1269  99.214785
1268  94.891637
1267  96.898683
1266  93.027807
1265  86.099412
1264  95.943406
1263  95.446658
1262  99.392881
1261  97.648861
1260  99.269869
1259  86.380456
1258  92.198057
1257  92.775869
1256  98.228307
1255  106.80973
1254  95.977183
1253  107.20104
1252  111.4556
1251  105.34721
1250  85.63979
1249  87.987561
1248  97.640519
1247  87.462858
1246  100.76753
1245  94.090459
1244  102.24322
1243  82.041571
1242  87.657827
1241  97.638535
1240  107.61688
1239  109.63349
1238  97.645649
1237  112.8402
1236  99.968915
1235  96.86726
1234  87.714854
1233  101.13133
1232  92.843222
1231  87.865159
1230  86.599715
1229  81.113088
1228  85.762086
1227  94.1649
1226  110.37078
1225  94.220386
1224  96.405036
1223  92.509924
1222  97.346057
1221  90.715967
1220  101.42832
1219  96.486774
1218  90.312499
1217  96.260325
1216  92.954669
1215  94.669685
1214  95.920395
1213  109.31214
1212  101.52034
1211  90.161273
1210  92.227102
1209  93.665272
1208  96.904129
1207  95.359145
1206  97.225276
1205  95.505773
1204  105.04976
1203  106.28666
1202  106.64485
1201  100.47232
1200  104.13029
1199  95.474409
1198  92.635567
1197  87.529595
1196  98.454702
1195  101.15333
1194  105.37302
1193  96.335566
1192  117.05132
1191  108.82321
1190  93.513228
1189  108.59602
1188  107.59024
1187  104.06345
1186  110.73438
1185  105.13079
1184  87.198367
1183  99.409754
1182  102.30066
1181  106.18849
1180  114.58353
1179  93.874289
1178  95.694205
1177  103.00872
1176  112.9609
1175  105.94099
1174  119.37655
1173  111.75856
1172  98.522917
1171  113.89928
1170  85.111327
1169  90.703553
1168  101.78386
1167  106.48838
1166  103.42816
1165  102.98222
1164  89.848422
1163  99.60486
1162  103.4042
1161  92.955573
1160  101.4858
1159  109.1473
1158  102.25738
1157  88.907619
1156  103.7593
1155  104.41274
1154  87.276896
1153  93.151768
1152  93.192603
1151  103.49656
1150  99.201061
1149  97.865791
1148  97.111054
1147  101.96461
1146  91.564377
1145  98.617319
1144  118.2596
1143  109.41869
1142  94.287276
1141  103.36893
1140  110.39994
1139  99.156923
1138  103.09737
1137  103.57788
1136  108.29711
1135  105.04984
1134  100.78839
1133  100.25676
1132  109.14054
1131  99.732985
1130  106.70549
1129  112.34457
1128  103.37872
1127  98.234457
1126  92.11277
1125  100.01818
1124  116.37993
1123  107.27239
1122  98.450416
1121  117.56837
1120  110.19586
1119  96.743502
1118  91.606834
1117  119.51912
1116  119.57148
1115  96.686896
1114  85.628154
1113  102.82693
1112  102.9612
1111  106.99602
1110  114.80302
1109  101.58912
1108  97.754801
1107  101.34093
1106  110.19341
1105  87.756844
1104  82.189034
1103  92.071525
1102  99.242276
1101  105.66568
1100  118.91895
1099  109.12929
1098  98.817123
1097  95.835125
1096  110.46894
1095  113.67153
1094  94.319944
1093  93.21778
1092  90.407793
1091  95.82366
1090  91.326987
1089  87.820524
1088  104.80891
1087  110.64425
1086  104.00138
1085  109.54017
1084  111.43679
1083  98.285442
1082  109.86861
1081  105.49547
1080  96.791697
1079  102.5836
1078  98.079564
1077  91.52515
1076  96.027481
1075  111.27047
1074  119.63923
1073  107.67505
1072  117.91687
1071  108.00647
1070  112.26389
1069  118.31933
1068  105.18686
1067  102.24385
1066  102.50541
1065  94.456686
1064  106.00513
1063  130.37786
1062  111.38897
1061  109.39061
1060  95.351366
1059  104.1127
1058  111.118
1057  97.469098
1056  111.2302
1055  112.36368
1054  94.493417
1053  110.00706
1052  113.42545
1051  112.36535
1050  117.51221
1049  92.653713
1048  88.889372
1047  110.36528
1046  122.8928
1045  100.95293
1044  97.257242
1043  112.59508
1042  126.77931
1041  122.95907
1040  115.97011
1039  103.58905
1038  96.771558
1037  109.84797
1036  105.97132
1035  112.66883
1034  122.18748
1033  116.0058
1032  98.441526
1031  95.620383
1030  114.34323
1029  110.81183
1028  121.44031
1027  87.676581
1026  107.40581
1025  105.30995
1024  89.58529
1023  100.23185
1022  109.91009
1021  116.98058
1020  112.16335
1019  100.55946
1018  107.7012
1017  105.66052
1016  110.04983
1015  114.78808
1014  110.20122
1013  109.81864
1012  109.91274
1011  103.87768
1010  104.11137
1009  100.59084
1008  104.13396
1007  113.14455
1006  126.22055
1005  113.04037
1004  96.110086
1003  107.74846
1002  130.98941
1001  120.0011
1000  109.1009
999  104.8357
998  112.3423
997  101.62096
996  115.36288
995  106.80568
994  98.191549
993  92.417433
992  105.49009
991  119.64289
990  122.43814
989  112.95159
988  111.32376
987  119.55945
986  116.93379
985  110.32188
984  102.70764
983  119.77424
982  118.43224
981  113.90889
980  123.39897
979  103.2972
978  108.50977
977  102.7878
976  116.36836
975  106.5589
974  104.74226
973  115.29744
972  110.53732
971  117.64952
970  113.77779
969  107.41455
968  93.994978
967  118.44626
966  115.07844
965  100.76446
964  117.80788
963  109.7279
962  109.97641
961  105.2161
960  116.28959
959  114.46725
958  99.138745
957  107.93267
956  112.06443
955  106.15836
954  117.24727
953  119.5962
952  109.67798
951  120.33767
950  130.32258
949  125.01582
948  116.57443
947  130.56704
946  111.5351
945  115.52427
944  108.0341
943  116.05094
942  107.95366
941  109.04905
940  117.47244
939  115.48454
938  116.79606
937  103.85153
936  94.419337
935  95.820502
934  111.19095
933  101.42376
932  114.04622
931  125.71907
930  119.62951
929  110.56271
928  103.2329
927  110.11741
926  117.35038
925  101.3657
924  101.67818
923  106.64553
922  120.97843
921  120.87928
920  121.89922
919  117.4542
918  101.8601
917  111.91428
916  118.40678
915  114.35651
914  101.89159
913  102.25322
912  116.2545
911  107.96467
910  107.0502
909  116.5746
908  115.68692
907  118.97325
906  106.96913
905  115.46839
904  120.41311
903  126.53635
902  111.12893
901  112.90245
900  107.88424
899  103.43543
898  115.75439
897  117.95903
896  110.04897
895  112.22378
894  115.77271
893  107.09207
892  117.47482
891  124.1617
890  127.25108
889  119.42776
888  116.16629
887  124.63223
886  114.07102
885  108.98099
884  101.26566
883  107.92984
882  109.55652
881  107.35017
880  118.18932
879  101.95371
878  118.55032
877  115.32571
876  106.61525
875  121.95418
874  124.92377
873  114.7012
872  120.59113
871  114.44278
870  108.09869
869  94.751219
868  108.22533
867  133.04427
866  111.42414
865  112.2648
864  105.90735
863  102.13155
862  115.45646
861  124.19515
860  126.22843
859  96.875476
858  117.59417
857  132.01695
856  128.23431
855  120.38184
854  125.1768
853  128.1063
852  96.29843
851  102.90667
850  121.1868
849  106.38969
848  111.40438
847  127.41702
846  115.73327
845  116.44191
844  114.06583
843  117.90385
842  105.07481
841  100.55155
840  116.64237
839  114.21522
838  120.8618
837  112.02953
836  126.45046
835  117.17819
834  105.89176
833  111.26154
832  112.51516
831  126.29139
830  120.37397
829  122.70791
828  127.0561
827  127.11624
826  119.89098
825  123.14681
824  115.9419
823  108.51914
822  113.14782
821  116.14293
820  117.27472
819  109.24315
818  128.99705
817  117.56801
816  131.88061
815  116.54181
814  120.96838
813  104.51825
812  119.263
811  121.06936
810  115.7699
809  129.04639
808  136.14554
807  114.44726
806  119.48339
805  106.63372
804  119.07481
803  119.59352
802  120.05408
801  106.76955
800  135.5488
799  137.93271
798  117.05778
797  116.92503
796  123.54544
795  108.55581
794  122.69604
793  118.74883
792  113.90396
791  121.84961
790  125.99688
789  115.58449
788  117.32365
787  114.61078
786  111.84694
785  147.65399
784  118.76378
783  137.27223
782  152.51827
781  119.26269
780  115.18484
779  112.18011
778  130.12875
777  113.56866
776  105.84434
775  123.08038
774  126.79056
773  119.87201
772  123.57743
771  121.91095
770  110.65115
769  131.26323
768  120.21108
767  121.04367
766  121.92651
765  124.85463
764  103.91787
763  111.06197
762  129.26178
761  139.00132
760  139.02887
759  130.36503
758  129.46733
757  109.63294
756  116.42686
755  129.57947
754  120.29564
753  123.85185
752  119.68311
751  111.41268
750  109.16094
749  124.29027
748  112.24205
747  123.0775
746  126.79889
745  126.02695
744  126.36423
743  136.45076
742  126.3515
741  120.49886
740  122.07549
739  125.5813
738  141.08337
737  122.8904
736  124.76187
735  133.69556
734  141.81749
733  138.03811
732  122.32212
731  125.06656
730  123.00623
729  125.17888
728  120.63944
727  129.88988
726  132.11494
725  128.14841
724  112.52417
723  120.84335
722  122.46733
721  126.5972
720  138.18943
719  114.75298
718  122.64099
717  136.38951
716  116.19523
715  117.09292
714  121.85143
713  125.98618
712  126.27663
711  149.31429
710  135.31988
709  133.29344
708  141.04208
707  142.38162
706  132.13897
705  119.82114
704  108.5168
703  124.25674
702  130.75583
701  148.46074
700  121.0862
699  115.15141
698  125.2755
697  118.9484
696  138.83888
695  134.00971
694  122.35728
693  133.01236
692  114.3757
691  118.9705
690  124.9817
689  121.432
688  133.24555
687  124.5271
686  132.01158
685  129.25404
684  140.01923
683  127.86799
682  137.41462
681  144.57502
680  130.67499
679  128.51411
678  124.82339
677  102.30917
676  120.06156
675  110.96293
674  124.32117
673  131.78967
672  126.97432
671  113.28383
670  129.30551
669  121.73577
668  132.30482
667  130.42817
666  141.31
665  126.44643
664  127.47303
663  122.43761
662  132.89294
661  125.39292
660  127.60922
659  118.03286
658  117.71641
657  125.48878
656  118.4363
655  123.60906
654  126.34039
653  123.30952
652  118.06439
651  102.90091
650  107.35402
649  120.67524
648  106.43366
647  115.54008
646  116.21833
645  131.72926
644  123.79813
643  138.98635
642  134.09108
641  125.28614
640  125.50423
639  114.13971
638  114.53556
637  125.19532
636  133.55185
635  122.00212
634  121.12467
633  133.96061
632  115.17278
631  126.36033
630  112.72837
629  120.09078
628  124.2675
627  136.3138
626  114.5934
625  106.47972
624  117.63271
623  133.41892
622  142.99046
621  116.47991
620  126.4707
619  114.45301
618  105.63464
617  102.84569
616  116.09239
615  117.56632
614  107.52065
613  122.32388
612  123.18414
611  110.414
610  122.05732
609  130.59438
608  121.52867
607  120.69758
606  121.83336
605  145.1205
604  166.40675
603  183.93615
602  157.9823
601  126.45021
600  119.94621
599  134.62215
598  110.74591
597  111.23671
596  126.03751
595  98.978148
594  110.60113
593  95.793084
592  97.693881
591  104.70522
590  120.81062
589  102.92466
588  92.733753
587  100.21835
586  107.44807
585  114.0449
584  91.060844
583  94.00295
582  109.55819
581  102.35407
580  93.538854
579  90.149507
578  99.386238
577  92.645809
576  93.628981
575  105.49614
574  105.50241
573  114.47617
572  110.63774
571  111.95646
570  107.68114
569  99.689147
568  97.682062
567  93.740974
566  90.840631
565  95.695347
564  103.98891
563  103.71148
562  104.83704
561  100.41252
560  102.87435
559  115.5372
558  110.80988
557  100.76574
556  96.086631
555  111.85059
554  112.92315
553  108.08547
552  112.64425
551  95.963195
550  101.9048
549  94.184828
548  99.150193
547  89.321907
546  87.152331
545  93.406032
544  98.086214
543  81.847368
542  92.912742
541  89.238593
540  90.786686
539  75.304849
538  86.372435
537  83.928203
536  82.643153
535  118.17631
534  188.56568
533  287.05407
532  251.60957
531  166.81285
530  106.90498
529  78.129745
528  68.880031
527  70.863663
526  63.020715
525  66.328411
524  70.753244
523  78.57993
522  74.192427
521  70.897498
520  72.358439
519  85.822265
518  67.071503
517  61.713313
516  63.26133
515  72.75008
514  66.451468
513  59.300757
512  66.233339
511  74.516095
510  75.793314
509  71.229629
508  54.977401
507  66.355345
506  64.758752
505  68.812306
504  68.556187
503  76.036924
502  78.591886
501  66.880198
500  62.492273
499  59.51057
498  61.064525
497  76.603971
496  78.731517
495  69.04087
494  72.310337
493  67.975092
492  61.712506
491  66.142108
490  55.253939
489  63.750705
488  78.207791
487  63.920792
486  71.379378
485  63.51921
484  87.59326
483  73.279943
482  68.539983
481  70.624406
480  63.390888
479  56.321546
478  67.19928
477  73.716192
476  72.371245
475  75.484401
474  68.180124
473  78.132176
472  76.562781
471  75.036541
470  69.673198
469  70.23641
468  76.484295
467  71.50211
466  80.617014
465  83.346031
464  82.877954
463  82.37963
462  80.194863
461  84.494068
460  76.519296
459  67.371921
458  68.330804
457  71.540465
456  67.865207
455  78.483074
454  73.111396
453  75.83007
452  66.424345
451  77.225396
450  77.85971
449  77.514268
448  67.123084
447  83.268173
446  74.352377
445  77.486789
444  75.934782
443  74.63368
442  71.34223
441  71.752389
440  69.677657
439  65.606598
438  71.947525
437  77.845369
436  81.340401
435  79.66026
434  68.600275
433  61.192341
432  68.081507
431  75.759438
430  82.474727
429  78.654141
428  68.945175
427  82.088343
426  75.771791
425  69.136096
424  70.139726
423  81.076505
422  75.534012
421  63.677275
420  71.804643
419  62.728734
418  69.886169
417  61.956844
416  65.08617
415  67.691667
414  62.200197
413  68.108648
412  65.375147
411  69.943226
410  78.126649
409  73.193368
408  75.566795
407  75.04339
406  78.156248
405  62.316563
404  60.25369
403  77.00734
402  81.751599
401  100.24723
400  140.98758
399  116.8812
398  79.544714
397  72.601185
396  69.483987
395  75.079272
394  62.417644
393  71.250294
392  68.629845
391  71.820794
390  67.321955
389  75.290507
388  59.792887
387  72.162988
386  81.903225
385  51.941311
384  61.784142
383  70.258164
382  55.637786
381  63.577325
380  60.998916
379  73.006694
378  71.744136
377  66.372425
376  71.249988
375  50.209277
374  59.438433
373  54.166955
372  62.891033
371  58.684035
370  67.492563
369  74.062421
368  53.368387
367  62.348636
366  63.918611
365  53.093957
364  68.106535
363  62.878755
362  73.839255
361  53.061393
360  54.041264
359  66.693683
358  69.19767
357  61.10467
356  65.02302
355  61.55171
354  68.99883
353  57.072803
352  61.826202
351  73.432098
350  66.39944
349  60.313272
348  56.6437
347  64.340882
346  58.103345
345  63.461616
344  62.494403
343  63.697805
342  69.614955
341  67.269897
340  70.148623
339  74.176479
338  66.109837
337  60.470084
336  64.208111
335  59.659989
334  66.227576
333  66.571246
332  58.493635
331  63.480714
330  59.831382
329  75.455766
328  59.099565
327  60.391915
326  64.382238
325  69.618016
324  72.435749
323  60.115906
322  60.175196
321  66.955692
320  65.918861
319  67.217483
318  66.750865
317  60.548283
316  81.516841
315  86.221149
314  67.973995
313  65.344232
312  68.468958
311  64.91217
310  67.376634
309  59.805106
308  64.570681
307  77.095025
306  66.623825
305  65.348396
304  59.999461
303  50.775448
302  51.570024
301  57.820258
300  57.799917
299  48.278343
298  37.78112
297  36.120052
296  36.357566
295  29.58356
294  40.903051
293  38.719101
292  49.52775
291  48.308993
290  59.569858
289  59.468608
288  65.199382
287  104.07912
286  192.99302
285  279.05986
284  256.25057
283  130.50281
282  39.634595
281  26.562199
280  17.658542
279  15.769609
278  17.16302
277  19.034359
276  10.754982
275  6.354877
274  12.02003
273  10.340753
272  4.121339
271  6.628748
270  4.770092
269  8.48401
268  11.924781
267  6.630568
266  5.662769
265  7.878721
264  9.07557
263  10.57853
262  9.422371
261  8.02898
260  12.067039
259  9.4391097
258  9.1339623
257  11.79315
256  9.239439
255  8.34176
254  8.186979
253  7.111781
252  7.979648
251  8.563632
250  7.249829
249  7.508862
248  6.588061
247  9.782727
246  5.225362
245  7.730709
244  10.836138
243  8.626512
242  8.072879
241  11.143161
240  6.76079
239  4.13723
238  7.8189597
237  10.081036
236  8.643673
235  7.7656
234  11.763178
233  7.018996
232  7.766417
231  6.845191
230  7.696671
229  7.095969
228  6.44271
227  4.740619
226  5.197838
225  10.522072
224  10.39013
223  9.25482
222  3.876429
221  6.806249
220  8.360831
219  7.279291
218  5.67856
217  7.3691
216  9.58653
215  4.481209
214  4.84158
213  4.998611
212  7.640719
211  9.423122
210  6.056646
209  11.231861
208  19.362702
207  11.61317
206  5.84658
205  5.14348
204  6.4092
203  4.07654
202  5.60161
201  2.3843
200  5.51386
199  5.31644
198  7.145279
197  4.466321
196  7.518771
195  7.000018
194  8.769159
193  11.099582
192  16.966689
191  21.265189
190  11.218092
189  6.090111
188  6.31317
187  2.754657
186  5.466312
185  7.99952
184  3.649602
183  4.340888
182  4.99139
181  4.34588
180  4.312801
179  4.980089
178  3.56263
177  2.50887
176  6.028989
175  5.004951
174  6.29386
173  2.88495
172  4.3019967
171  5.1778823
170  4.980061
169  5.337308
168  5.140302
167  5.93668
166  5.73104
165  2.01038
164  2.350409
163  4.941641
162  2.50107
161  1.83658
160  1.80763
159  2.2163997
158  4.8981303
157  2.98549
156  4.841189
155  8.364402
154  6.649639
153  10.55363
152  5.21634
151  4.33181
150  2.990529
149  4.038411
148  2.15805
147  5.524678
146  5.489352
145  4.85738
144  2.29786
143  3.859711
142  4.490699
141  5.523801
140  6.52961
139  5.5378677
138  4.8944213
137  0.87056
136  7.45637
135  4.585751
134  6.668639
133  2.49608
132  0.79769
131  2.20231
130  2.53786
129  3.76504
128  2.51925
127  5.042069
126  4.774131
125  6.35493
124  8.14491
123  4.20269
122  2.54326
121  3.499388
120  4.837402
119  2.04802
118  4.84111
117  6.182009
116  6.568121
115  3.49612
114  1.148
113  2.04845
112  2.755128
111  2.643702
110  4.86019
109  6.697131
108  8.625207
107  4.947382
106  2.50026
105  3.297472
104  7.855088
103  4.26572
102  7.527491
101  6.683019
100  5.144478
99  5.645012
98  4.48984
97  4.54772
96  3.2354
95  2.183371
94  5.303328
93  6.797201
92  6.134909
91  6.16433
90  5.432281
89  3.51879
88  4.18879
87  2.92755
86  3.70576
85  6.10139
84  6.70086
83  6.36203
82  4.733462
81  6.333568
80  3.21683
79  1.67177
78  1.25078
77  4.100579
76  6.077471
75  5.61872
74  3.92851
73  3.78945
72  4.92583
71  5.14028
70  5.87962
69  4.87504
68  5.2952
67  5.31551
66  3.27472
65  3.768739
64  6.355781
63  3.87599
62  4.20642
61  5.663207
60  3.787683
59  5.67359
58  6.37941
57  3.05787
56  3.58261
55  4.61892
54  6.62553
53  3.81854
52  4.74825
51  3.616101
50  2.259438
49  5.735121
48  4.08107
47  4.23131
46  6.55281
45  7.62647
44  6.69542
43  8.65769
42  3.88228
41  3.61475
40  3.1399097
39  5.8981813
38  4.409149
37  3.48488
36  2.9434
35  4.6483097
34  6.6785703
33  6.84564
32  4.13033
31  4.66778
30  6.1728877
29  5.3417923
28  7.614362
27  9.172488
26  8.78948
25  11.581298
24  10.090942
23  6.18915
22  5.23863
21  6.4916
20  4.78497
19  5.325981
18  6.28335
17  4.989559
16  3.66455
15  5.884136
14  1.903984
13  3.06611
12  6.74651
11  2.54412
10  3.12947
9  1.83158
8  2.9566
7  3.02437
6  0.96606
5  0.83205
4  0.20189
3  0.288379
2  0.711621
1  0
0  0.17746

# Region:            Survey
# Acquisition Date:  03/17/26 20:17:56 UTC
# Analysis Method:   XPS
# Analyzer:          Phoibos
# Analyzer Lens:     MediumArea:3.5kV
# Analyzer Slit:     4:7x20c\C:mesh
# Scan Mode:         FixedAnalyzerTransmission
# Curves/Scan:       1
# Values/Curve:      1351
# Dwell Time:        0.2
# Excitation Energy: 2984.3
# Binding Energy:    1350
# Pass Energy:       60
# Bias Voltage:      90
# Detector Voltage:  1580
# Eff. Workfunction: 4.58
# Source:            XR 50 M (UXC1000)
# Comment:           
#
# Cycle: 0
# Parameter: "Iteration" = 9
# Parameter: "y [mm]" = -0.59999999999999998
#
# Number of Scans: 10
#
# Cycle: 0, Curve: 0
# Acquisition Date: 03/17/26 20:17:56 UTC
#
# ColumnLabels: energy counts
#
1350  1039.8757
1349  1014.1122
1348  1016.7976
1347  1008.7312
1346  1024.9223
1345  984.37128
1344  1047.6096
1343  1006.3262
1342  1068.2365
1341  1062.5844
1340  1030.6795
1339  1033.4702
1338  1048.2048
1337  1073.494
1336  1008.6971
1335  1012.5343
1334  1021.7057
1333  1011.0409
1332  1056.2344
1331  1030.5137
1330  1001.9111
1329  1005.9449
1328  1041.8797
1327  1024.2656
1326  1008.3241
1325  1058.9322
1324  1018.1921
1323  1026.8611
1322  1025.7798
1321  1021.3104
1320  1102.9354
1319  1105.0285
1318  1049.6893
1317  1032.5172
1316  1039.1182
1315  994.38194
1314  1032.2945
1313  1010.1132
1312  1033.3953
1311  1025.3216
1310  1095.931
1309  1042.2227
1308  1010.4673
1307  1055.5733
1306  1050.947
1305  1076.6057
1304  1017.85
1303  1042.5931
1302  1050.6198
1301  1057.3824
1300  1021.3993
1299  1028.8078
1298  1047.4791
1297  996.06351
1296  1052.432
1295  1083.5782
1294  1057.2818
1293  1027.779
1292  1025.9679
1291  1001.8087
1290  1015.9328
1289  1085.5523
1288  1068.8704
1287  1090.1991
1286  1058.2236
1285  1031.1796
1284  1049.2327
1283  1073.9317
1282  1069.0421
1281  1100.9586
1280  1055.9324
1279  1103.1205
1278  1063.8306
1277  1049.6267
1276  1044.4088
1275  1097.9047
1274  1053.062
1273  1060.0699
1272  1093.1186
1271  1093.1616
1270  1045.4598
1269  1026.1191
1268  1043.0128
1267  1061.2166
1266  1101.5904
1265  1127.2131
1264  1048.8656
1263  1081.5828
1262  1059.9834
1261  1094.1191
1260  1111.0949
1259  1088.3756
1258  1061.3663
1257  1078.9062
1256  1055.3771
1255  1085.6971
1254  1072.8225
1253  1036.1281
1252  1044.6221
1251  1075.4263
1250  1067.6684
1249  1080.1518
1248  1034.0922
1247  1055.8936
1246  1083.1051
1245  1107.6323
1244  1076.6467
1243  1084.3687
1242  1107.0635
1241  1067.4666
1240  1063.8026
1239  1034.6209
1238  1047.3555
1237  1105.2045
1236  1112.7568
1235  1069.2539
1234  1046.0422
1233  1072.2034
1232  1076.1346
1231  1131.0435
1230  1096.2562
1229  1080.1491
1228  1097.3747
1227  1081.1186
1226  1046.6755
1225  1116.1837
1224  1099.3264
1223  1042.1385
1222  1078.1322
1221  1066.3128
1220  1013.2458
1219  1075.7043
1218  1083.7918
1217  1076.3857
1216  1087.4477
1215  1132.06
1214  1095.7823
1213  1073.2142
1212  1072.184
1211  1079.8748
1210  1081.3895
1209  1040.3355
1208  1093.3125
1207  1132.6183
1206  1098.5822
1205  1076.3845
1204  1072.5044
1203  1095.695
1202  1065.8423
1201  1110.2756
1200  1085.8004
1199  1069.5695
1198  1079.6689
1197  1113.5463
1196  1101.0865
1195  1087.9546
1194  1148.9523
1193  1130.254
1192  1062.9955
1191  1117.9606
1190  1058.2362
1189  1059.4235
1188  1063.2952
1187  1095.939
1186  1108.6033
1185  1138.8027
1184  1134.925
1183  1072.146
1182  1063.8016
1181  1130.6978
1180  1120.3921
1179  1126.6853
1178  1101.608
1177  1096.062
1176  1137.384
1175  1127.1278
1174  1102.8597
1173  1089.5824
1172  1116.2625
1171  1081.6119
1170  1093.8994
1169  1106.4654
1168  1088.9541
1167  1118.3238
1166  1096.5513
1165  1053.8403
1164  1109.2496
1163  1108.4601
1162  1122.6398
1161  1098.5225
1160  1089.3114
1159  1126.6751
1158  1141.5598
1157  1049.6848
1156  1110.7367
1155  1093.0408
1154  1098.811
1153  1100.5057
1152  1138.9796
1151  1143.1356
1150  1177.7309
1149  1174.2312
1148  1090.7265
1147  1101.1088
1146  1082.3525
1145  1094.6619
1144  1162.621
1143  1141.6599
1142  1150.9556
1141  1169.5396
1140  1113.0707
1139  1121.6576
1138  1105.713
1137  1136.8329
1136  1126.1305
1135  1116.0117
1134  1129.8452
1133  1176.0203
1132  1158.5827
1131  1124.8232
1130  1102.8875
1129  1120.9789
1128  1120.4266
1127  1140.8144
1126  1113.4323
1125  1093.9387
1124  1114.0416
1123  1153.843
1122  1130.3299
1121  1122.5876
1120  1115.9628
1119  1140.6203
1118  1102.3005
1117  1104.4958
1116  1135.3563
1115  1185.1126
1114  1131.0206
1113  1152.7911
1112  1147.2026
1111  1162.8354
1110  1121.0194
1109  1157.3975
1108  1150.6701
1107  1123.1283
1106  1120.6159
1105  1222.839
1104  1168.8916
1103  1158.6241
1102  1140.6292
1101  1123.7863
1100  1138.2938
1099  1128.584
1098  1119.0195
1097  1161.1713
1096  1190.9036
1095  1125.6744
1094  1189.7623
1093  1136.2333
1092  1123.9047
1091  1108.3509
1090  1148.8076
1089  1170.5133
1088  1192.6129
1087  1121.3533
1086  1147.6062
1085  1123.1297
1084  1112.6314
1083  1123.7689
1082  1127.2735
1081  1104.4349
1080  1133.2119
1079  1133.3823
1078  1080.598
1077  1142.7345
1076  1169.0169
1075  1139.642
1074  1146.5011
1073  1132.2552
1072  1150.6298
1071  1162.8209
1070  1138.9627
1069  1120.3805
1068  1131.0053
1067  1143.7137
1066  1130.6354
1065  1197.0956
1064  1176.3782
1063  1153.6773
1062  1133.5665
1061  1136.7696
1060  1144.3188
1059  1143.2182
1058  1181.5559
1057  1169.5545
1056  1197.4321
1055  1179.8471
1054  1168.4048
1053  1169.7197
1052  1206.1349
1051  1150.6558
1050  1159.3162
1049  1098.6838
1048  1094.4133
1047  1167.8201
1046  1213.7391
1045  1178.4688
1044  1191.2058
1043  1127.4377
1042  1163.8586
1041  1135.9966
1040  1134.8623
1039  1144.7622
1038  1170.3038
1037  1154.7104
1036  1170.8422
1035  1190.1
1034  1179.7147
1033  1197.8915
1032  1166.6438
1031  1198.9065
1030  1181.7443
1029  1172.5167
1028  1120.4983
1027  1173.079
1026  1153.5261
1025  1140.0838
1024  1174.3038
1023  1176.116
1022  1124.2225
1021  1179.9232
1020  1188.965
1019  1214.7659
1018  1151.1503
1017  1177.8337
1016  1193.003
1015  1163.2917
1014  1124.5214
1013  1165.8607
1012  1184.311
1011  1198.8457
1010  1157.6177
1009  1164.0273
1008  1166.7903
1007  1206.9036
1006  1164.3908
1005  1163.8388
1004  1138.7458
1003  1171.5179
1002  1100.177
1001  1144.1605
1000  1174.6675
999  1144.7284
998  1100.3497
997  1206.7056
996  1217.5723
995  1216.057
994  1215.2708
993  1237.7667
992  1189.6554
991  1163.8819
990  1225.0802
989  1179.5959
988  1182.8796
987  1207.6496
986  1151.504
985  1197.8106
984  1222.522
983  1221.309
982  1201.9135
981  1171.5384
980  1186.8523
979  1153.6699
978  1171.6265
977  1223.3074
976  1202.8599
975  1154.7276
974  1201.7438
973  1173.5799
972  1201.609
971  1196.6129
970  1201.4417
969  1219.4783
968  1145.0883
967  1219.2069
966  1173.8007
965  1116.4685
964  1208.8738
963  1168.3434
962  1133.0935
961  1187.8193
960  1172.795
959  1161.0073
958  1151.6179
957  1161.4523
956  1198.5198
955  1186.6078
954  1210.3607
953  1228.6172
952  1216.246
951  1194.6054
950  1208.6675
949  1167.0461
948  1183.3587
947  1160.1826
946  1171.3899
945  1240.8782
944  1239.7415
943  1232.1871
942  1206.4915
941  1201.818
940  1249.3469
939  1240.7362
938  1191.9025
937  1188.4062
936  1170.9459
935  1174.1762
934  1199.9996
933  1242.2746
932  1182.6978
931  1269.8164
930  1204.7623
929  1243.4389
928  1191.2106
927  1196.392
926  1210.7748
925  1182.8567
924  1247.1658
923  1191.3398
922  1209.5324
921  1236.8053
920  1213.9392
919  1199.8024
918  1164.7436
917  1224.3987
916  1260.7595
915  1257.6454
914  1290.6064
913  1268.5282
912  1220.4247
911  1185.3155
910  1240.8838
909  1234.8948
908  1260.3722
907  1216.9848
906  1187.2123
905  1225.0582
904  1225.8566
903  1196.8653
902  1214.8978
901  1222.3792
900  1232.3973
899  1225.5855
898  1192.6341
897  1184.3599
896  1216.9917
895  1275.384
894  1237.9297
893  1306.5137
892  1230.4034
891  1212.4734
890  1232.3185
889  1276.3827
888  1230.88
887  1190.9564
886  1220.2927
885  1188.6295
884  1231.301
883  1232.2823
882  1275.0261
881  1251.0636
880  1272.1799
879  1269.1807
878  1301.7906
877  1288.0851
876  1265.6267
875  1258.9003
874  1279.6838
873  1252.8147
872  1256.3008
871  1200.7676
870  1216.092
869  1167.1053
868  1216.0425
867  1239.5955
866  1255.9257
865  1235.5321
864  1253.2791
863  1289.1845
862  1313.7294
861  1219.8894
860  1289.4437
859  1242.6597
858  1207.1001
857  1265.0611
856  1224.7949
855  1292.6068
854  1267.0358
853  1287.981
852  1260.5137
851  1227.4298
850  1222.9389
849  1240.0881
848  1209.3126
847  1196.6535
846  1275.042
845  1241.3395
844  1214.6605
843  1248.7926
842  1278.8563
841  1241.4887
840  1225.6335
839  1225.7766
838  1251.4645
837  1251.3828
836  1269.2397
835  1257.9803
834  1232.0498
833  1223.0263
832  1255.567
831  1243.5155
830  1246.7065
829  1264.0674
828  1259.9377
827  1272.7251
826  1259.602
825  1289.8917
824  1311.2629
823  1276.6921
822  1271.809
821  1264.3318
820  1268.8906
819  1260.1704
818  1268.1092
817  1259.1436
816  1248.46
815  1261.2336
814  1269.3894
813  1253.9056
812  1234.8053
811  1269.0434
810  1233.3035
809  1284.5312
808  1219.1928
807  1313.2504
806  1278.3582
805  1267.7878
804  1262.6808
803  1286.6907
802  1302.823
801  1229.8862
800  1222.5435
799  1246.5239
798  1266.2049
797  1220.5688
796  1260.514
795  1224.7684
794  1314.7933
793  1244.5351
792  1257.8063
791  1256.6436
790  1297.8158
789  1321.8626
788  1318.1572
787  1258.0435
786  1271.8387
785  1266.6292
784  1318.7594
783  1251.0249
782  1314.7037
781  1321.8564
780  1290.6316
779  1305.464
778  1271.7771
777  1279.4613
776  1257.455
775  1270.9529
774  1359.8468
773  1259.9381
772  1275.3792
771  1286.051
770  1267.669
769  1224.1901
768  1269.4633
767  1271.9028
766  1300.1587
765  1288.1224
764  1302.4652
763  1259.3438
762  1312.5662
761  1278.662
760  1323.3044
759  1314.4588
758  1288.8981
757  1289.0233
756  1305.4785
755  1278.9116
754  1301.2678
753  1306.8352
752  1357.2526
751  1339.607
750  1318.3083
749  1353.1274
748  1305.0166
747  1269.7945
746  1298.2423
745  1323.0407
744  1302.2475
743  1350.8677
742  1277.0783
741  1231.4342
740  1282.1048
739  1283.242
738  1310.334
737  1361.2998
736  1310.6354
735  1276.8973
734  1318.3818
733  1275.3363
732  1335.2735
731  1362.4276
730  1277.6202
729  1252.4341
728  1328.1172
727  1296.1609
726  1250.0971
725  1299.1864
724  1287.5358
723  1279.2372
722  1283.5058
721  1300.7642
720  1263.6964
719  1266.6804
718  1276.9257
717  1309.6343
716  1283.7665
715  1321.9021
714  1296.4254
713  1264.4296
712  1297.2726
711  1313.8126
710  1300.7106
709  1286.3336
708  1309.6576
707  1351.1711
706  1339.0875
705  1348.5973
704  1310.7338
703  1328.5738
702  1327.1772
701  1278.5491
700  1285.0979
699  1305.6561
698  1286.9116
697  1283.5419
696  1287.9622
695  1314.3664
694  1304.5438
693  1304.0464
692  1305.8054
691  1302.9158
690  1247.5325
689  1269.5345
688  1295.519
687  1320.9747
686  1306.2605
685  1334.0571
684  1388.1478
683  1380.641
682  1380.6766
681  1340.9473
680  1355.0634
679  1331.6487
678  1321.9268
677  1340.6993
676  1293.915
675  1239.6342
674  1272.7377
673  1257.0849
672  1291.28
671  1270.2901
670  1298.9704
669  1272.1683
668  1266.2721
667  1255.2273
666  1252.6148
665  1240.4133
664  1253.3003
663  1266.8727
662  1291.1235
661  1308.0846
660  1323.7199
659  1292.0371
658  1318.1021
657  1316.1954
656  1293.4727
655  1243.5498
654  1292.5076
653  1324.217
652  1281.0296
651  1278.9709
650  1272.3092
649  1271.748
648  1288.9328
647  1243.6865
646  1222.3964
645  1215.5238
644  1210.3062
643  1205.3363
642  1192.3161
641  1248.5777
640  1236.2717
639  1275.1584
638  1257.6468
637  1228.3533
636  1203.8213
635  1301.9503
634  1291.09
633  1211.0683
632  1226.8832
631  1265.2696
630  1305.9799
629  1286.0054
628  1287.8109
627  1284.4258
626  1295.8369
625  1293.8
624  1304.7785
623  1246.0988
622  1193.216
621  1165.6246
620  1140.8518
619  1180.6635
618  1187.5994
617  1187.1518
616  1159.7611
615  1185.5706
614  1163.7328
613  1230.8442
612  1233.0097
611  1192.2583
610  1178.575
609  1177.6263
608  1185.9485
607  1233.2738
606  1272.2222
605  1452.3287
604  1737.2172
603  1834.9061
602  1535.5238
601  1266.7443
600  1215.1142
599  1107.1829
598  1144.9061
597  1122.7396
596  1044.2202
595  1080.8278
594  1048.2723
593  988.30595
592  1018.7644
591  1021.1848
590  1005.3307
589  1039.3796
588  1086.9776
587  1045.4388
586  1043.8707
585  1047.2462
584  1013.5846
583  1003.2326
582  1050.2105
581  1007.5304
580  1005.4432
579  991.8489
578  984.32757
577  1004.6636
576  1066.671
575  1017.22
574  1018.403
573  1051.2681
572  1069.1526
571  1009.3303
570  994.5628
569  1030.5573
568  1004.8555
567  994.97365
566  1014.9121
565  1034.8233
564  991.40016
563  1029.5612
562  1051.2832
561  1026.0524
560  1069.6575
559  1071.8552
558  1074.6417
557  1073.7074
556  1056.2341
555  1072.2645
554  1040.6285
553  1030.0233
552  1031.3979
551  1023.5162
550  993.13573
549  989.70916
548  965.27803
547  896.2056
546  829.94709
545  838.48375
544  809.81768
543  805.76843
542  780.63067
541  812.52411
540  851.50648
539  840.01156
538  867.14903
537  841.99174
536  849.85739
535  1042.2
534  1854.2062
533  3120.892
532  2665.1912
531  1304.0117
530  837.79941
529  723.54707
528  704.81922
527  681.81551
526  674.20504
525  709.19441
524  697.81364
523  689.99068
522  703.13526
521  686.24774
520  717.82555
519  718.35794
518  707.23308
517  715.65145
516  699.60627
515  668.48691
514  689.55075
513  691.2687
512  698.69609
511  695.3288
510  709.52802
509  765.99209
508  748.98185
507  674.33752
506  678.83825
505  709.8031
504  746.76531
503  721.08167
502  687.16427
501  685.69741
500  691.18932
499  708.38788
498  715.3797
497  704.2737
496  716.20276
495  724.83751
494  685.47442
493  671.89788
492  695.72726
491  696.62834
490  708.75025
489  707.55861
488  728.68857
487  724.36484
486  696.89293
485  705.86535
484  709.83276
483  686.32201
482  724.15025
481  727.66791
480  700.7137
479  727.01073
478  731.48946
477  700.75038
476  712.08296
475  722.18647
474  701.08903
473  684.93826
472  706.90212
471  718.24048
470  741.13348
469  712.59768
468  748.58834
467  703.58254
466  663.40254
465  713.42127
464  718.03182
463  743.74983
462  771.22037
461  688.22856
460  722.71368
459  703.03461
458  715.33015
457  721.69479
456  700.70491
455  723.69065
454  709.44436
453  718.05749
452  747.09126
451  698.5328
450  700.5756
449  678.29014
448  743.44449
447  708.3514
446  675.7358
445  703.42336
444  749.31877
443  736.14565
442  747.35017
441  764.5721
440  705.11796
439  730.57337
438  723.68295
437  742.6568
436  698.82014
435  732.4124
434  710.94447
433  701.49978
432  736.85284
431  719.93546
430  725.12716
429  727.28287
428  737.83081
427  720.75747
426  740.81764
425  771.58269
424  735.77217
423  717.35243
422  700.88162
421  720.34874
420  703.13357
419  693.37346
418  731.13405
417  680.4061
416  710.4654
415  693.1382
414  693.82441
413  692.18368
412  707.28244
411  659.91994
410  683.10694
409  676.93777
408  673.46616
407  673.30245
406  679.30002
405  696.27201
404  730.00309
403  674.181
402  733.65019
401  1012.7533
400  1273.0446
399  970.07905
398  715.93735
397  620.16021
396  634.90901
395  615.88018
394  606.10717
393  670.69283
392  637.58225
391  665.13015
390  666.52903
389  650.94244
388  631.07635
387  647.31007
386  653.34201
385  628.68022
384  617.59847
383  616.9123
382  622.27609
381  617.37809
380  604.89673
379  677.20065
378  647.95962
377  637.54503
376  642.65902
375  638.55961
374  611.3965
373  588.9733
372  621.16431
371  615.98065
370  598.85641
369  608.03964
368  635.78804
367  584.43273
366  615.28718
365  609.80483
364  619.70561
363  607.91174
362  621.19866
361  619.87314
360  637.79597
359  648.87402
358  604.22431
357  615.17737
356  615.64097
355  649.1404
354  643.50527
353  661.38956
352  659.08088
351  659.43702
350  643.8712
349  653.09771
348  618.48458
347  582.09874
346  616.38455
345  579.84529
344  603.97651
343  618.00736
342  656.48735
341  620.79591
340  583.5568
339  643.46261
338  638.51944
337  608.29508
336  624.98848
335  638.26342
334  611.61609
333  598.53179
332  606.94956
331  626.98568
330  633.89807
329  594.32224
328  611.34339
327  623.28078
326  605.56101
325  586.81952
324  638.21922
323  626.89495
322  598.44713
321  655.94417
320  632.7115
319  672.61515
318  660.52317
317  674.35253
316  673.4405
315  678.57134
314  697.95831
313  670.92174
312  681.05471
311  697.57932
310  700.0619
309  681.98073
308  627.3077
307  626.84519
306  616.50811
305  584.85496
304  551.88562
303  493.991
302  479.91898
301  467.50308
300  452.37397
299  422.78214
298  375.4667
297  377.21908
296  379.7255
295  363.12339
294  383.55662
293  415.05566
292  429.08587
291  483.52853
290  481.21509
289  502.96284
288  630.66747
287  1041.4876
286  2001.0942
285  3200.5676
284  2563.7588
283  781.30198
282  215.84908
281  126.78906
280  147.92226
279  173.43773
278  168.34416
277  119.58247
276  117.15626
275  108.87413
274  92.115422
273  86.725689
272  87.626888
271  78.801231
270  88.98239
269  82.488859
268  82.925014
267  84.400543
266  78.449702
265  91.14042
264  85.046623
263  89.564345
262  84.830312
261  92.065953
260  81.78358
259  81.571173
258  63.665906
257  73.871342
256  86.249187
255  72.264959
254  71.027502
253  69.468732
252  77.579916
251  78.573982
250  73.071128
249  82.644953
248  76.2812
247  72.881819
246  63.003663
245  76.552175
244  89.320014
243  75.499385
242  74.534369
241  80.815509
240  78.332307
239  90.92123
238  75.168615
237  83.112469
236  86.127399
235  87.11656
234  73.357781
233  71.554344
232  89.366643
231  80.174572
230  66.580768
229  71.700706
228  77.742915
227  90.335494
226  77.729873
225  79.073563
224  73.191276
223  67.797435
222  80.400151
221  70.99574
220  69.842852
219  73.170304
218  72.917044
217  68.789506
216  73.406188
215  68.566033
214  62.284789
213  68.638183
212  71.287532
211  66.956897
210  89.22108
209  133.58805
208  149.59394
207  101.30838
206  68.744204
205  52.782592
204  56.509033
203  61.085179
202  53.267141
201  65.990034
200  59.809882
199  46.033561
198  56.910266
197  55.315775
196  54.442128
195  56.041053
194  67.385785
193  74.063837
192  136.70595
191  157.91371
190  91.687134
189  51.087058
188  47.050122
187  53.924126
186  53.818772
185  47.76786
184  41.992688
183  45.847269
182  48.408535
181  45.936072
180  49.150315
179  37.037643
178  41.892803
177  46.914191
176  41.173101
175  41.700846
174  39.297172
173  32.826601
172  28.098067
171  50.311208
170  49.551359
169  48.385497
168  37.015758
167  48.394027
166  43.946642
165  45.405419
164  52.113304
163  41.209606
162  38.300309
161  47.062615
160  39.548749
159  44.357229
158  46.591897
157  48.839035
156  44.859098
155  46.148748
154  51.829004
153  59.414826
152  58.791684
151  55.517649
150  49.727302
149  49.517528
148  51.035363
147  46.911143
146  43.48469
145  50.548719
144  43.4777
143  38.274792
142  50.483876
141  42.193919
140  39.021549
139  45.364182
138  43.645699
137  41.36084
136  49.67264
135  37.006502
134  54.659916
133  55.246037
132  47.722278
131  42.190919
130  42.890887
129  52.310687
128  40.430336
127  44.987354
126  43.465717
125  42.047891
124  41.361887
123  44.134244
122  46.386672
121  46.081049
120  50.122533
119  38.375247
118  36.815976
117  48.898981
116  35.250013
115  32.984768
114  37.928469
113  42.338196
112  45.961254
111  47.462308
110  48.415012
109  42.973914
108  32.811073
107  47.756969
106  48.585747
105  44.65913
104  40.235065
103  49.733394
102  55.575832
101  41.664008
100  46.143732
99  47.977049
98  48.573094
97  43.757316
96  43.707572
95  46.696385
94  48.902995
93  53.763676
92  52.114553
91  50.540882
90  47.665319
89  51.102646
88  37.879772
87  48.17294
86  45.198202
85  39.977892
84  54.502139
83  47.579221
82  42.140279
81  49.738903
80  43.712467
79  30.719322
78  40.020776
77  48.378309
76  46.719296
75  29.901655
74  39.37827
73  42.714502
72  48.884247
71  49.096726
70  52.957751
69  61.121943
68  49.499421
67  51.108084
66  38.202944
65  55.715046
64  58.16486
63  48.56822
62  49.281089
61  42.497833
60  46.985939
59  49.867277
58  56.221416
57  54.830997
56  47.403512
55  48.73656
54  47.631946
53  43.497535
52  50.62823
51  61.068813
50  54.11085
49  52.092737
48  45.513051
47  59.359969
46  56.782051
45  53.499285
44  52.1614
43  55.496322
42  46.041514
41  46.398164
40  48.515061
39  42.110648
38  46.890315
37  46.789664
36  41.115976
35  44.541675
34  58.688881
33  41.909833
32  48.52771
31  44.296584
30  56.08549
29  60.994818
28  56.717529
27  68.423167
26  81.850603
25  78.528351
24  65.172233
23  38.524058
22  44.626087
21  40.483312
20  56.408375
19  56.328979
18  56.675032
17  45.538629
16  52.180541
15  49.783994
14  51.078332
13  50.332197
12  40.563243
11  24.935636
10  23.209877
9  24.353847
8  23.065539
7  17.458714
6  16.430635
5  9.6791294
4  12.166023
3  3.035624
2  3.775832
1  4.4980514
0  5.8736994

# Region:            B1s
# Acquisition Date:  03/17/26 21:59:50 UTC
# Analysis Method:   XPS
# Analyzer:          Phoibos
# Analyzer Lens:     MediumArea:3.5kV
# Analyzer Slit:     4:7x20c\C:mesh
# Scan Mode:         FixedAnalyzerTransmission
# Curves/Scan:       1
# Values/Curve:      156
# Dwell Time:        0.5
# Excitation Energy: 2984.3
# Binding Energy:    210
# Pass Energy:       30
# Bias Voltage:      90
# Detector Voltage:  1580
# Eff. Workfunction: 4.58
# Source:            XR 50 M (UXC1000)
# Comment:           
#
# Cycle: 0
# Parameter: "Iteration" = 9
# Parameter: "y [mm]" = -0.59999999999999998
#
# Number of Scans: 65
#
# Cycle: 0, Curve: 0
# Acquisition Date: 03/17/26 21:59:50 UTC
#
# ColumnLabels: energy counts
#
210  566.42554
209.8  634.6181
209.6  652.05193
209.4  636.54187
209.2  658.49611
209  656.56237
208.8  605.16039
208.6  655.12828
208.4  782.88647
208.2  833.54236
208  911.87563
207.8  875.84925
207.6  793.7443
207.4  674.31459
207.2  561.10841
207  420.47777
206.8  358.71321
206.6  348.20899
206.4  331.36398
206.2  299.117
206  303.12535
205.8  332.53596
205.6  323.90033
205.4  310.41611
205.2  310.16465
205  296.60654
204.8  303.24055
204.6  306.13743
204.4  314.12834
204.2  291.5661
204  313.29302
203.8  309.99324
203.6  324.62478
203.4  318.25244
203.2  324.95196
203  296.69164
202.8  299.16203
202.6  313.12958
202.4  334.60031
202.2  311.97527
202  317.8083
201.8  311.96909
201.6  311.72892
201.4  306.59018
201.2  320.1022
201  306.03949
200.8  342.53657
200.6  326.29949
200.4  299.49424
200.2  286.63112
200  262.32919
199.8  287.67506
199.6  322.63627
199.4  322.4308
199.2  297.56518
199  302.62672
198.8  302.28571
198.6  318.6676
198.4  322.61741
198.2  300.47698
198  301.00735
197.8  286.39011
197.6  308.43043
197.4  300.43656
197.2  324.88725
197  299.96743
196.8  299.54515
196.6  297.28663
196.4  297.17747
196.2  287.80585
196  291.53373
195.8  263.76413
195.6  293.57711
195.4  318.64451
195.2  314.71793
195  294.26429
194.8  329.78006
194.6  324.78166
194.4  316.17049
194.2  320.97186
194  326.5351
193.8  344.57112
193.6  355.07052
193.4  368.31564
193.2  386.26473
193  385.0375
192.8  392.94894
192.6  473.40733
192.4  557.53548
192.2  647.37495
192  770.83871
191.8  905.10114
191.6  1023.4159
191.4  1057.8435
191.2  997.67975
191  932.95928
190.8  796.32742
190.6  608.97516
190.4  500.95925
190.2  391.84468
190  330.46557
189.8  278.75305
189.6  251.2591
189.4  231.03099
189.2  264.05865
189  231.21905
188.8  266.64519
188.6  244.03704
188.4  259.53067
188.2  257.6747
188  249.52467
187.8  265.86672
187.6  238.37988
187.4  250.02574
187.2  247.78982
187  234.25969
186.8  264.01036
186.6  274.3469
186.4  271.37885
186.2  251.32453
186  245.58735
185.8  249.08874
185.6  246.86191
185.4  244.58368
185.2  260.33452
185  257.35186
184.8  261.91956
184.6  257.4521
184.4  278.37098
184.2  256.55185
184  253.49946
183.8  272.39027
183.6  269.07575
183.4  272.58824
183.2  269.30456
183  283.11215
182.8  279.54928
182.6  270.41375
182.4  276.95792
182.2  243.14503
182  274.8663
181.8  285.32825
181.6  275.19899
181.4  263.22266
181.2  286.53601
181  280.92026
180.8  264.18652
180.6  273.02919
180.4  254.92419
180.2  280.77015
180  261.63166
179.8  237.63959
179.6  250.53864
179.4  263.31444
179.2  260.95528
179  273.87595

# Region:            C1s
# Acquisition Date:  03/17/26 22:23:23 UTC
# Analysis Method:   XPS
# Analyzer:          Phoibos
# Analyzer Lens:     MediumArea:3.5kV
# Analyzer Slit:     4:7x20c\C:mesh
# Scan Mode:         FixedAnalyzerTransmission
# Curves/Scan:       1
# Values/Curve:      156
# Dwell Time:        0.5
# Excitation Energy: 2984.3
# Binding Energy:    305
# Pass Energy:       30
# Bias Voltage:      90
# Detector Voltage:  1580
# Eff. Workfunction: 4.58
# Source:            XR 50 M (UXC1000)
# Comment:           
#
# Cycle: 0
# Parameter: "Iteration" = 9
# Parameter: "y [mm]" = -0.59999999999999998
#
# Number of Scans: 15
#
# Cycle: 0, Curve: 0
# Acquisition Date: 03/17/26 22:23:23 UTC
#
# ColumnLabels: energy counts
#
305  647.8176
304.8  610.36332
304.6  607.50902
304.4  628.83723
304.2  611.09912
304  616.48904
303.8  602.25228
303.6  584.25684
303.4  583.96463
303.2  542.19428
303  534.4816
302.8  560.05302
302.6  557.89628
302.4  520.37419
302.2  516.9333
302  501.74377
301.8  519.54235
301.6  514.6999
301.4  514.17769
301.2  510.24326
301  497.54133
300.8  486.50243
300.6  466.5669
300.4  443.28734
300.2  462.96504
300  443.88838
299.8  453.05973
299.6  429.13976
299.4  421.39008
299.2  428.51632
299  418.07625
298.8  419.08324
298.6  461.26787
298.4  432.85476
298.2  420.75068
298  398.96296
297.8  411.97731
297.6  398.80136
297.4  397.49012
297.2  401.35739
297  383.52633
296.8  395.45844
296.6  406.05905
296.4  406.13882
296.2  384.30353
296  364.6983
295.8  395.06256
295.6  387.64661
295.4  444.79623
295.2  416.8198
295  378.51744
294.8  397.09223
294.6  389.86836
294.4  374.59167
294.2  380.05721
294  395.68492
293.8  404.45126
293.6  407.06994
293.4  432.95991
293.2  391.05219
293  402.87143
292.8  400.54195
292.6  414.82043
292.4  464.17103
292.2  490.50467
292  477.22329
291.8  515.48366
291.6  500.0098
291.4  497.18252
291.2  494.48328
291  521.28907
290.8  516.87482
290.6  529.87527
290.4  508.71647
290.2  505.29478
290  512.71107
289.8  549.60816
289.6  524.3832
289.4  523.98053
289.2  499.47218
289  520.90625
288.8  555.78599
288.6  526.26628
288.4  579.20716
288.2  594.92833
288  607.0946
287.8  645.2193
287.6  735.94253
287.4  816.75438
287.2  885.4959
287  1001.0972
286.8  1173.5901
286.6  1339.2777
286.4  1543.0173
286.2  1769.7515
286  1991.1035
285.8  2273.2882
285.6  2739.1761
285.4  3232.0527
285.2  3644.7815
285  4022.2265
284.8  4164.6983
284.6  4166.7775
284.4  3888.3737
284.2  3380.8705
284  2683.3251
283.8  2079.9822
283.6  1357.8261
283.4  950.49179
283.2  635.08542
283  444.02499
282.8  296.51784
282.6  218.90272
282.4  185.4406
282.2  159.20947
282  141.48177
281.8  142.65607
281.6  138.60575
281.4  130.63924
281.2  133.41554
281  148.27424
280.8  134.10489
280.6  149.74121
280.4  151.3895
280.2  154.46757
280  165.07912
279.8  173.86566
279.6  171.02025
279.4  173.17811
279.2  200.93057
279  197.8652
278.8  213.82011
278.6  212.10028
278.4  188.17788
278.2  186.67372
278  186.41877
277.8  173.30894
277.6  149.88384
277.4  152.818
277.2  146.15963
277  124.43391
276.8  126.9949
276.6  127.78118
276.4  120.7387
276.2  117.45472
276  112.16744
275.8  87.459063
275.6  117.42651
275.4  106.2632
275.2  104.41036
275  112.94102
274.8  111.12787
274.6  109.77584
274.4  107.83106
274.2  107.59787
274  105.82487

# Region:            N1s
# Acquisition Date:  03/17/26 23:18:20 UTC
# Analysis Method:   XPS
# Analyzer:          Phoibos
# Analyzer Lens:     MediumArea:3.5kV
# Analyzer Slit:     4:7x20c\C:mesh
# Scan Mode:         FixedAnalyzerTransmission
# Curves/Scan:       1
# Values/Curve:      156
# Dwell Time:        0.5
# Excitation Energy: 2984.3
# Binding Energy:    419
# Pass Energy:       30
# Bias Voltage:      90
# Detector Voltage:  1580
# Eff. Workfunction: 4.58
# Source:            XR 50 M (UXC1000)
# Comment:           
#
# Cycle: 0
# Parameter: "Iteration" = 9
# Parameter: "y [mm]" = -0.59999999999999998
#
# Number of Scans: 35
#
# Cycle: 0, Curve: 0
# Acquisition Date: 03/17/26 23:18:20 UTC
#
# ColumnLabels: energy counts
#
419  1702.9566
418.8  1638.2767
418.6  1705.0836
418.4  1698.2847
418.2  1701.1832
418  1720.1151
417.8  1676.9079
417.6  1681.1197
417.4  1698.4317
417.2  1673.9866
417  1617.5413
416.8  1655.7224
416.6  1638.1469
416.4  1677.5439
416.2  1670.5193
416  1707.7819
415.8  1663.8823
415.6  1660.7444
415.4  1599.137
415.2  1641.6477
415  1671.5488
414.8  1698.0343
414.6  1629.7087
414.4  1654.3769
414.2  1632.1398
414  1614.7443
413.8  1630.6172
413.6  1707.018
413.4  1656.874
413.2  1658.1006
413  1639.6219
412.8  1599.1806
412.6  1596.2819
412.4  1591.0972
412.2  1626.054
412  1630.6174
411.8  1613.7587
411.6  1593.3671
411.4  1598.4818
411.2  1581.9556
411  1624.9123
410.8  1649.6694
410.6  1604.9704
410.4  1587.101
410.2  1616.9957
410  1567.1079
409.8  1654.5017
409.6  1650.6825
409.4  1614.0627
409.2  1610.29
409  1643.9312
408.8  1622.1368
408.6  1609.0172
408.4  1598.3833
408.2  1564.1812
408  1612.7006
407.8  1570.6739
407.6  1595.9135
407.4  1642.6309
407.2  1646.6087
407  1645.5169
406.8  1682.4564
406.6  1596.2214
406.4  1649.059
406.2  1733.4223
406  1678.8089
405.8  1634.6474
405.6  1676.9964
405.4  1700.4061
405.2  1629.8388
405  1720.0742
404.8  1671.0163
404.6  1648.3965
404.4  1656.7103
404.2  1673.9838
404  1629.557
403.8  1702.3296
403.6  1685.3998
403.4  1676.9717
403.2  1640.1787
403  1698.8502
402.8  1717.9935
402.6  1721.3928
402.4  1620.6071
402.2  1722.7729
402  1712.4913
401.8  1825.112
401.6  1916.7737
401.4  2069.6195
401.2  2278.003
401  2516.5066
400.8  2785.1285
400.6  3047.9537
400.4  3416.9582
400.2  3678.6079
400  3618.809
399.8  3494.5723
399.6  3091.0883
399.4  2615.0361
399.2  2136.5198
399  1940.9391
398.8  1775.439
398.6  1782.3323
398.4  1718.7792
398.2  1657.6763
398  1608.1542
397.8  1584.678
397.6  1580.3284
397.4  1554.8744
397.2  1563.1098
397  1519.499
396.8  1543.1258
396.6  1545.9329
396.4  1592.5871
396.2  1547.937
396  1502.8159
395.8  1528.3577
395.6  1565.3694
395.4  1550.0455
395.2  1519.6595
395  1502.9723
394.8  1450.02
394.6  1513.5878
394.4  1564.3589
394.2  1555.4238
394  1562.9644
393.8  1519.3538
393.6  1516.1677
393.4  1500.2747
393.2  1540.0782
393  1537.354
392.8  1560.1878
392.6  1558.1373
392.4  1556.9895
392.2  1519.9929
392  1522.838
391.8  1542.4839
391.6  1526.1237
391.4  1510.5608
391.2  1531.1864
391  1519.0909
390.8  1575.5105
390.6  1540.3774
390.4  1484.3144
390.2  1548.3902
390  1559.585
389.8  1514.4994
389.6  1525.4723
389.4  1452.4907
389.2  1540.0842
389  1476.9377
388.8  1477.6539
388.6  1566.6883
388.4  1513.6696
388.2  1480.0607
388  1459.1243

# Region:            O1s
# Acquisition Date:  03/17/26 23:49:41 UTC
# Analysis Method:   XPS
# Analyzer:          Phoibos
# Analyzer Lens:     MediumArea:3.5kV
# Analyzer Slit:     4:7x20c\C:mesh
# Scan Mode:         FixedAnalyzerTransmission
# Curves/Scan:       1
# Values/Curve:      156
# Dwell Time:        0.5
# Excitation Energy: 2984.3
# Binding Energy:    552
# Pass Energy:       30
# Bias Voltage:      90
# Detector Voltage:  1580
# Eff. Workfunction: 4.58
# Source:            XR 50 M (UXC1000)
# Comment:           
#
# Cycle: 0
# Parameter: "Iteration" = 9
# Parameter: "y [mm]" = -0.59999999999999998
#
# Number of Scans: 20
#
# Cycle: 0, Curve: 0
# Acquisition Date: 03/17/26 23:49:41 UTC
#
# ColumnLabels: energy counts
#
552  1393.77
551.8  1360.9744
551.6  1365.8152
551.4  1394.7414
551.2  1391.9401
551  1381.8075
550.8  1410.5596
550.6  1402.5043
550.4  1345.0528
550.2  1337.8261
550  1376.9739
549.8  1355.9548
549.6  1295.0636
549.4  1308.461
549.2  1289.355
549  1272.5586
548.8  1225.6471
548.6  1271.9834
548.4  1313.4132
548.2  1253.0435
548  1289.6291
547.8  1286.7686
547.6  1271.7497
547.4  1226.7407
547.2  1211.355
547  1196.148
546.8  1207.9513
546.6  1247.0378
546.4  1188.5277
546.2  1152.1241
546  1180.9364
545.8  1158.1341
545.6  1149.3263
545.4  1148.5355
545.2  1169.8652
545  1201.0319
544.8  1141.0599
544.6  1108.5822
544.4  1138.6083
544.2  1115.696
544  1097.6582
543.8  1107.3453
543.6  1133.4014
543.4  1181.653
543.2  1143.3289
543  1104.1692
542.8  1139.8843
542.6  1097.3719
542.4  1075.6319
542.2  1100.8718
542  1050.8636
541.8  1076.1304
541.6  1046.217
541.4  1041.0721
541.2  1122.054
541  1122.3711
540.8  1088.2996
540.6  1132.4076
540.4  1131.6443
540.2  1054.7701
540  1101.5934
539.8  1100.9802
539.6  1132.2845
539.4  1113.8149
539.2  1134.6046
539  1094.3582
538.8  1141.2744
538.6  1104.5125
538.4  1141.586
538.2  1106.2405
538  1151.091
537.8  1161.5444
537.6  1172.0867
537.4  1194.3432
537.2  1170.3932
537  1195.0113
536.8  1145.9227
536.6  1089.7252
536.4  1143.3083
536.2  1138.3356
536  1142.9456
535.8  1158.0401
535.6  1208.3025
535.4  1204.8374
535.2  1264.437
535  1344.8105
534.8  1433.4586
534.6  1606.5608
534.4  1745.6597
534.2  2032.2658
534  2522.9764
533.8  2858.9193
533.6  3377.7712
533.4  3993.754
533.2  4528.2599
533  4983.2261
532.8  5281.7685
532.6  5150.9117
532.4  4715.0606
532.2  4107.9877
532  3306.4529
531.8  2729.6947
531.6  2227.535
531.4  1802.2366
531.2  1570.6002
531  1341.8638
530.8  1219.3508
530.6  1123.5493
530.4  1079.0243
530.2  1017.3953
530  1008.0205
529.8  1041.7786
529.6  1033.8899
529.4  1009.3208
529.2  966.72233
529  976.22697
528.8  1009.9064
528.6  973.24684
528.4  939.75753
528.2  972.06138
528  985.03905
527.8  951.10089
527.6  919.47404
527.4  945.67993
527.2  993.00608
527  967.99978
526.8  959.34162
526.6  965.31798
526.4  931.88361
526.2  936.17214
526  984.52465
525.8  922.05024
525.6  955.10183
525.4  975.78808
525.2  996.36536
525  973.31401
524.8  949.50798
524.6  953.89776
524.4  943.57502
524.2  976.55108
524  987.7243
523.8  945.63859
523.6  984.37114
523.4  986.45394
523.2  970.00919
523  998.49911
522.8  972.76352
522.6  998.88406
522.4  1003.5876
522.2  1032.1445
522  977.09595
521.8  928.42295
521.6  954.68926
521.4  933.89574
521.2  989.7085
521  999.12605

# Region:            Spectrum
# Acquisition Date:  03/17/26 23:51:56 UTC
# Analysis Method:   XPS
# Analyzer:          Phoibos
# Analyzer Lens:     MediumArea:3.5kV
# Analyzer Slit:     4:7x20c\C:mesh
# Scan Mode:         FixedAnalyzerTransmission
# Curves/Scan:       1
# Values/Curve:      1201
# Dwell Time:        0.1
# Excitation Energy: 2984.3
# Binding Energy:    1200
# Pass Energy:       100
# Bias Voltage:      90
# Detector Voltage:  1580
# Eff. Workfunction: 4.58
# Source:            XR 50 M (UXC1000)
# Comment:           
#
# Cycle: 0
# Parameter: "Iteration" = 9
# Parameter: "y [mm]" = -0.59999999999999998
#
# Number of Scans: 1
#
# Cycle: 0, Curve: 0
# Acquisition Date: 03/17/26 23:51:56 UTC
#
# ColumnLabels: energy counts
#
1200  85.900887
1199  81.270663
1198  85.965794
1197  95.694407
1196  91.640173
1195  92.315816
1194  90.386367
1193  95.140562
1192  96.295965
1191  81.335437
1190  103.78623
1189  100.98544
1188  89.130198
1187  90.187961
1186  103.0467
1185  93.496908
1184  95.426055
1183  94.640079
1182  89.70333
1181  87.000688
1180  91.506863
1179  95.281309
1178  102.59934
1177  99.201056
1176  91.194517
1175  98.219133
1174  108.39627
1173  87.934538
1172  88.344906
1171  89.418566
1170  85.341982
1169  95.190756
1168  102.46765
1167  96.136747
1166  103.31052
1165  90.211515
1164  93.751539
1163  81.465805
1162  107.26982
1161  110.16617
1160  110.07935
1159  77.767705
1158  87.398012
1157  103.37366
1156  92.229999
1155  75.760674
1154  80.30283
1153  93.949841
1152  88.392169
1151  101.68952
1150  100.57664
1149  89.587002
1148  93.651939
1147  104.18453
1146  107.70284
1145  86.189231
1144  98.436897
1143  88.656195
1142  90.88044
1141  91.031922
1140  97.857289
1139  90.643344
1138  100.12133
1137  83.503959
1136  79.898916
1135  96.464886
1134  87.513323
1133  90.596649
1132  98.332832
1131  88.642611
1130  102.08372
1129  95.236355
1128  76.595582
1127  95.230038
1126  117.44403
1125  102.25397
1124  109.96085
1123  111.09116
1122  115.493
1121  95.019345
1120  98.79725
1119  86.499012
1118  88.308434
1117  92.376251
1116  99.350662
1115  107.22228
1114  97.873791
1113  93.358565
1112  90.267879
1111  91.525367
1110  104.68304
1109  94.976521
1108  95.465202
1107  82.912687
1106  91.076923
1105  97.827577
1104  98.822306
1103  102.62418
1102  89.519473
1101  90.717564
1100  95.947668
1099  97.68538
1098  84.156385
1097  85.266138
1096  95.768983
1095  95.721372
1094  93.871127
1093  100.61147
1092  94.717657
1091  106.58925
1090  104.34454
1089  95.910747
1088  82.256331
1087  97.948595
1086  100.21406
1085  105.78248
1084  84.252867
1083  78.097915
1082  91.58062
1081  98.800789
1080  96.925154
1079  98.243296
1078  96.701534
1077  99.205515
1076  94.833377
1075  108.00083
1074  102.32784
1073  96.896455
1072  96.823284
1071  96.272948
1070  101.05843
1069  115.95896
1068  100.82805
1067  101.08896
1066  93.575875
1065  104.04985
1064  102.42875
1063  99.222779
1062  91.464681
1061  83.525254
1060  101.91441
1059  94.057
1058  98.606879
1057  105.76644
1056  112.33769
1055  108.52217
1054  94.948441
1053  88.884005
1052  100.46875
1051  102.58295
1050  99.036846
1049  115.90544
1048  112.27416
1047  108.58748
1046  92.186451
1045  89.616092
1044  84.874689
1043  95.134409
1042  95.871167
1041  100.34709
1040  91.560481
1039  101.62824
1038  85.27019
1037  95.660833
1036  103.66305
1035  102.3163
1034  88.305896
1033  90.28983
1032  91.843127
1031  104.72638
1030  89.229982
1029  97.078929
1028  108.17661
1027  114.63246
1026  106.03872
1025  102.45275
1024  89.833744
1023  105.81965
1022  109.1655
1021  90.528742
1020  100.19239
1019  94.879548
1018  91.295731
1017  100.58173
1016  95.291193
1015  89.00785
1014  86.73355
1013  85.124454
1012  101.06931
1011  92.668901
1010  105.66617
1009  101.39141
1008  88.619124
1007  106.81923
1006  93.745714
1005  100.97321
1004  116.93734
1003  103.96322
1002  113.89514
1001  106.61431
1000  94.85704
999  125.69949
998  105.9491
997  105.54553
996  111.97602
995  101.93875
994  100.86629
993  113.73873
992  109.78714
991  98.747718
990  102.74945
989  96.701312
988  101.9329
987  102.54708
986  97.006946
985  105.48503
984  109.35029
983  92.554139
982  116.33824
981  106.86036
980  103.41055
979  103.90861
978  106.89842
977  93.450027
976  99.709553
975  112.85841
974  107.62944
973  102.61802
972  118.0485
971  104.7767
970  103.58121
969  114.33891
968  113.3241
967  113.14873
966  107.22866
965  108.88648
964  109.46118
963  99.610249
962  97.894821
961  107.11205
960  106.83048
959  89.110518
958  106.02639
957  106.08062
956  108.67083
955  115.45093
954  103.08778
953  106.73766
952  92.981521
951  106.81853
950  96.753673
949  108.0002
948  109.96392
947  119.94089
946  112.93785
945  86.743362
944  111.87977
943  104.75812
942  103.68813
941  101.14241
940  94.278006
939  102.91792
938  102.51211
937  94.60384
936  109.30993
935  109.6817
934  107.72851
933  113.13704
932  106.39053
931  103.41371
930  122.5647
929  101.44282
928  110.60294
927  121.50707
926  109.06221
925  92.97162
924  108.60718
923  101.64571
922  107.9869
921  116.36038
920  99.691232
919  100.66331
918  110.05274
917  105.20205
916  101.73714
915  108.76147
914  100.61672
913  97.106944
912  97.220419
911  104.81411
910  98.435228
909  104.78888
908  114.32925
907  105.76835
906  109.2158
905  115.74723
904  102.44219
903  100.86434
902  109.30331
901  116.07106
900  102.60908
899  100.68013
898  112.8452
897  104.96084
896  100.93154
895  115.70659
894  99.461208
893  116.37682
892  124.36636
891  109.58227
890  99.609722
889  104.77068
888  116.15938
887  100.08981
886  107.15826
885  106.89286
884  130.25525
883  108.45027
882  117.04228
881  109.38826
880  110.73679
879  108.34243
878  114.24454
877  108.72189
876  109.73841
875  108.39877
874  106.26547
873  123.67852
872  104.37429
871  94.198943
870  102.02142
869  112.21717
868  123.16594
867  107.99895
866  101.69552
865  123.8944
864  106.40835
863  104.09334
862  105.46966
861  105.69212
860  108.37387
859  102.02064
858  113.14397
857  114.49857
856  99.597226
855  102.31562
854  102.89819
853  100.42912
852  111.91767
851  107.5119
850  98.545838
849  98.240166
848  110.15306
847  109.98064
846  124.44
845  120.61017
844  102.30311
843  99.927168
842  90.63591
841  105.08936
840  99.275544
839  111.44968
838  124.70842
837  104.17831
836  116.87872
835  127.08627
834  114.48905
833  107.24292
832  124.20832
831  126.65007
830  108.33958
829  119.40869
828  116.39388
827  122.41747
826  108.72053
825  130.80956
824  121.75664
823  112.3319
822  109.2122
821  116.19058
820  102.89576
819  102.34283
818  107.97676
817  104.84813
816  108.39792
815  119.94567
814  117.85867
813  109.49611
812  111.02266
811  109.22217
810  104.59281
809  110.98456
808  123.11429
807  111.19945
806  103.64585
805  119.00189
804  112.3064
803  101.35304
802  101.152
801  101.66979
800  117.44004
799  123.40521
798  120.25835
797  104.2072
796  117.94101
795  111.00521
794  120.65435
793  125.16853
792  120.96894
791  113.55406
790  115.92437
789  113.75897
788  119.2763
787  118.37691
786  122.83991
785  134.45346
784  112.09849
783  113.29247
782  124.69862
781  110.46036
780  117.7836
779  113.11767
778  118.31376
777  111.50018
776  125.57487
775  115.98013
774  110.2938
773  122.96988
772  119.11288
771  125.30719
770  106.93764
769  117.56745
768  118.56902
767  114.22672
766  115.47225
765  120.97093
764  114.39158
763  109.98107
762  125.4137
761  117.92479
760  110.90188
759  126.23506
758  119.87889
757  112.72434
756  118.73431
755  104.96399
754  114.97261
753  111.42955
752  114.80311
751  104.78133
750  120.33437
749  122.47331
748  118.34915
747  109.55382
746  106.81368
745  127.52389
744  116.80528
743  119.78947
742  118.78914
741  114.77588
740  101.98733
739  123.55824
738  109.70883
737  102.61426
736  108.44213
735  123.03695
734  116.59682
733  114.08185
732  120.50292
731  122.98575
730  128.33924
729  132.00673
728  113.16007
727  111.09743
726  109.99035
725  107.77721
724  124.00128
723  119.82736
722  117.94236
721  108.27313
720  109.17671
719  108.95915
718  121.67526
717  118.93252
716  125.93143
715  132.50619
714  135.48933
713  111.68493
712  115.49699
711  116.11688
710  111.82635
709  125.34232
708  111.95405
707  105.39715
706  113.72432
705  124.77877
704  118.7975
703  110.9636
702  131.67623
701  117.63623
700  100.12599
699  117.42747
698  120.23501
697  122.46177
696  121.43744
695  116.95726
694  115.67521
693  117.95753
692  122.85562
691  121.54014
690  123.87677
689  105.91111
688  125.83458
687  115.0306
686  122.29262
685  128.09125
684  111.73994
683  126.56239
682  125.35249
681  125.06479
680  131.91616
679  119.11383
678  124.57102
677  123.01711
676  103.42637
675  124.91125
674  107.54857
673  116.40231
672  122.60602
671  106.84116
670  116.14872
669  111.53842
668  92.513037
667  112.03784
666  119.63491
665  130.24705
664  117.9251
663  108.94356
662  123.50793
661  113.42134
660  125.21579
659  119.96077
658  116.17866
657  131.79921
656  114.37661
655  112.72127
654  109.97512
653  116.49329
652  122.57099
651  123.22319
650  120.48861
649  111.69882
648  117.34021
647  113.46773
646  121.48459
645  114.84085
644  112.64769
643  137.71829
642  112.76938
641  111.51613
640  106.9831
639  121.22389
638  115.71481
637  120.9595
636  126.71712
635  115.81306
634  112.59888
633  126.12911
632  111.6997
631  105.13587
630  121.60028
629  117.59894
628  109.42908
627  109.86329
626  116.05945
625  124.44407
624  124.60751
623  122.93047
622  122.19258
621  115.8515
620  106.96831
619  111.90993
618  121.05587
617  110.06074
616  105.9665
615  98.490193
614  100.13145
613  111.31569
612  116.44675
611  107.83957
610  108.81315
609  105.85336
608  104.30081
607  118.23223
606  126.54051
605  125.93169
604  145.19969
603  153.36653
602  133.43324
601  113.04717
600  98.175586
599  86.757406
598  101.77373
597  103.78685
596  98.621803
595  92.656417
594  96.714317
593  97.229145
592  92.489869
591  107.92274
590  117.94232
589  107.31858
588  88.850733
587  98.48737
586  117.80505
585  95.707083
584  89.937341
583  95.378703
582  101.45306
581  94.762964
580  111.05469
579  103.73892
578  95.69968
577  105.17443
576  109.68525
575  101.51075
574  113.61678
573  100.91576
572  93.018492
571  108.03795
570  104.2511
569  110.16105
568  104.3274
567  94.478952
566  100.41061
565  84.404542
564  100.90025
563  100.44984
562  92.936502
561  87.839867
560  107.24311
559  98.630138
558  119.68615
557  105.90761
556  100.1717
555  104.06604
554  114.7566
553  101.01669
552  91.827011
551  98.685608
550  84.765871
549  81.02236
548  75.044892
547  78.867739
546  83.932677
545  91.320477
544  84.623152
543  72.367703
542  75.920852
541  81.971339
540  82.897448
539  84.447279
538  91.786137
537  82.373118
536  106.5871
535  133.71982
534  172.57977
533  267.83865
532  236.75087
531  146.78664
530  81.127471
529  67.494497
528  55.539845
527  64.41029
526  72.517436
525  62.233975
524  64.16422
523  64.23477
522  62.847619
521  64.845491
520  75.615057
519  62.101298
518  64.537535
517  66.865139
516  73.926265
515  67.941074
514  69.721926
513  66.832013
512  59.852068
511  63.98812
510  60.811298
509  77.326033
508  73.343923
507  71.120036
506  67.416897
505  69.280824
504  66.699664
503  55.641446
502  64.816632
501  64.171351
500  76.526515
499  83.290733
498  65.955262
497  61.531493
496  60.744742
495  70.584354
494  61.796338
493  60.396532
492  67.5782
491  66.67535
490  69.935881
489  73.003097
488  72.54127
487  66.33913
486  62.325354
485  59.24182
484  64.089984
483  64.205299
482  67.023122
481  73.141101
480  76.773043
479  66.353677
478  69.373627
477  69.105003
476  61.815187
475  59.105449
474  58.838755
473  72.180094
472  76.226323
471  76.414513
470  77.990731
469  69.463315
468  77.940496
467  80.399175
466  75.744102
465  68.433099
464  65.394716
463  64.875269
462  73.527878
461  75.466549
460  69.752189
459  75.537525
458  65.841502
457  63.456065
456  71.251458
455  65.390324
454  64.427387
453  71.800871
452  77.381611
451  66.134437
450  67.169328
449  75.778841
448  78.148633
447  57.485721
446  66.221833
445  67.790335
444  65.119179
443  56.197613
442  59.414512
441  65.277733
440  65.100131
439  62.558581
438  63.936289
437  61.995371
436  73.375028
435  74.117156
434  70.0977
433  74.895534
432  68.419209
431  73.427752
430  62.335363
429  66.858341
428  62.99455
427  78.724084
426  71.167221
425  54.950644
424  76.511003
423  74.279593
422  66.317046
421  61.958131
420  70.761854
419  59.753688
418  64.161595
417  64.844333
416  66.853884
415  78.041691
414  83.352632
413  67.373415
412  76.727466
411  62.182338
410  60.125348
409  61.167863
408  63.633181
407  73.741856
406  69.167915
405  65.311412
404  60.835331
403  65.106661
402  68.336014
401  80.410495
400  103.86379
399  81.431126
398  70.902567
397  67.861787
396  64.684574
395  65.698558
394  61.608175
393  54.734011
392  67.140296
391  60.023871
390  52.343226
389  57.507374
388  56.385743
387  59.834779
386  52.930263
385  48.474378
384  61.550092
383  67.137515
382  64.950783
381  69.882502
380  68.913836
379  63.041289
378  67.117195
377  63.035767
376  70.741113
375  65.218538
374  65.401628
373  59.33029
372  57.144912
371  67.561385
370  52.439957
369  59.90577
368  54.222431
367  64.309505
366  53.53516
365  60.357998
364  55.88013
363  65.38613
362  64.595933
361  74.080373
360  53.904056
359  59.424525
358  53.860799
357  71.744251
356  65.146523
355  68.194804
354  65.581647
353  58.868152
352  56.581384
351  62.688119
350  60.544547
349  57.706751
348  45.371483
347  62.116828
346  67.270375
345  57.816434
344  65.419392
343  62.513131
342  61.856147
341  56.176096
340  58.9172
339  57.643737
338  67.177026
337  61.626002
336  61.096082
335  66.073765
334  63.995792
333  47.863176
332  62.216128
331  50.567028
330  59.510855
329  56.553138
328  57.65511
327  56.591605
326  52.370661
325  58.909652
324  65.534189
323  57.227971
322  55.623453
321  63.308809
320  66.237724
319  72.559554
318  71.222739
317  65.94903
316  65.70333
315  60.499538
314  71.566947
313  71.033024
312  71.115087
311  77.841058
310  68.895057
309  77.229619
308  59.437176
307  73.918699
306  66.199389
305  60.855684
304  59.056414
303  49.926287
302  37.767365
301  48.513955
300  44.538953
299  38.33457
298  32.908958
297  31.361602
296  39.841758
295  39.46811
294  39.333084
293  51.016095
292  50.841133
291  56.349326
290  49.842471
289  57.040069
288  66.009337
287  136.41746
286  244.11678
285  271.81058
284  215.58583
283  89.408307
282  32.945036
281  20.87035
280  12.771363
279  22.277149
278  20.66172
277  8.423221
276  13.292499
275  7.74548
274  7.727099
273  10.257981
272  6.482578
271  5.797152
270  6.10097
269  7.09148
268  6.8555397
267  7.5758503
266  7.6261287
265  7.7256103
264  8.842051
263  9.601149
262  4.763271
261  7.644119
260  9.817651
259  7.35757
258  6.48984
257  9.344082
256  9.23315
255  8.604698
254  4.883669
253  4.16431
252  8.086069
251  7.663592
250  4.91716
249  8.16935
248  4.917561
247  8.226819
246  3.948389
245  3.393383
244  8.533295
243  7.210083
242  8.6125497
241  10.707009
240  6.50792
239  6.06385
238  7.31193
237  9.447711
236  8.711722
235  10.798016
234  11.359003
233  9.761389
232  3.51921
231  6.784638
230  11.008072
229  9.26484
228  6.080549
227  7.31868
226  6.316481
225  10.83111
224  6.16527
223  5.81659
222  6.27848
221  6.95197
220  4.98639
219  6.01324
218  9.48019
217  9.97702
216  7.436751
215  5.396117
214  2.690772
213  8.986109
212  6.855031
211  7.215079
210  11.384342
209  10.463129
208  10.45229
207  12.89894
206  2.81801
205  5.34674
204  5.69718
203  6.72573
202  6.878179
201  6.107251
200  4.05294
199  3.768258
198  4.370742
197  4.69262
196  4.936689
195  8.107251
194  4.98957
193  6.36091
192  9.40375
191  12.00818
190  8.544059
189  7.32375
188  5.412761
187  4.74919
186  2.29333
185  2.187448
184  4.5002117
183  3.51426
182  6.6301703
181  2.730632
180  4.687658
179  2.75957
178  1.6252197
177  5.4943493
176  6.246731
175  3.744182
174  3.788168
173  5.476698
172  3.644161
171  5.706243
170  9.479888
169  6.22674
168  6.24129
167  4.55139
166  4.61151
165  3.413388
164  3.841482
163  2.54282
162  2.269769
161  1.004521
160  2.307889
159  6.558202
158  4.8605787
157  6.4988203
156  3.250301
155  4.082449
154  5.00904
153  3.316852
152  1.995909
151  1.985528
150  2.523781
149  3.177451
148  4.419199
147  4.461361
146  6.398299
145  3.36579
144  4.94658
143  3.60615
142  5.95114
141  3.4481
140  4.13857
139  2.96692
138  4.78415
137  4.37071
136  7.118671
135  6.231249
134  3.58268
133  8.34401
132  6.1023
131  3.36531
130  6.265349
129  5.004461
128  4.61022
127  4.49441
126  8.44767
125  4.3662
124  3.97607
123  5.75912
122  3.48122
121  2.58576
120  2.51017
119  2.85109
118  3.40382
117  5.172992
116  6.716568
115  8.550478
114  4.737433
113  4.413269
112  6.56821
111  6.87365
110  5.12995
109  6.42321
108  1.894511
107  5.628868
106  6.716541
105  1.45722
104  6.23002
103  8.292468
102  8.126262
101  3.54819
100  5.86603
99  4.469889
98  8.01135
97  3.663581
96  2.47984
95  2.63879
94  5.05793
93  2.861469
92  3.360791
91  2.52878
90  4.33949
89  5.794518
88  5.763692
87  4.827531
86  5.471219
85  5.2490097
84  6.5970903
83  2.51964
82  3.84114
81  2.78361
80  2.081499
79  4.427322
78  5.730649
77  4.957498
76  5.730623
75  4.183319
74  2.72519
73  3.70714
72  3.66411
71  2.28786
70  3.932639
69  7.412871
68  7.96601
67  4.99547
66  7.927641
65  8.851919
64  7.28837
63  4.052891
62  1.846529
61  2.70671
60  4.9891
59  3.17838
58  5.955191
57  6.416058
56  5.306429
55  3.419232
54  5.16833
53  3.162561
52  4.3997684
51  7.3132316
50  4.095969
49  5.33454
48  3.62648
47  2.883691
46  4.942541
45  9.360378
44  6.54958
43  5.60518
42  2.69761
41  4.59075
40  4.3078597
39  3.1099603
38  3.5582
37  5.37935
36  4.504778
35  4.55767
34  3.327793
33  4.369359
32  1.95244
31  3.115492
30  2.841088
29  3.595753
28  5.605727
27  8.422471
26  10.890359
25  10.563271
24  12.238889
23  6.45585
22  7.655968
21  3.268872
20  4.33179
19  4.052131
18  6.615639
17  4.1928
16  4.33008
15  6.9004
14  6.337239
13  3.850141
12  3.404249
11  3.7161807
10  3.4911303
9  2.13448
8  2.902649
7  2.72657
6  1.269341
5  0.59166
4  0.77864
3  0.22136
2  0.54325
1  1.268909
0  1.942491

